0.414687
0.4433
0.535641
0.514313
0.568079
0.413607
0.407082
0.516204
0.499303
0.568517
0.413435
0.401425
0.506788
0.496385
0.557315
0.401123
0.402846
0.505081
0.500895
0.56188
0.412121
0.408064
0.51172
0.500061
0.556497
0.412647
0.398876
0.401289
0.52512
0.512364
0.557111
0.436579
0.406738
0.521501
0.48709
0.559165
0.449694
0.403741
0.520843
0.494613
0.550575
0.4406
0.407275
0.526959
0.516376
0.557175
0.44071
0.406495
0.53017
0.495493
0.562109
0.447553
0.397487
0.529705
0.501287
0.559868
0.445943
0.403438
0.524185
0.496926
0.553543
0.439617
0.403215
0.519721
0.493585
0.686256
0.468
0.403542
0.529644
0.501079
0.558983
0.452765
0.403285
0.524814
0.496602
0.558896
0.443288
0.405237
0.522744
0.494254
0.558637
0.434477
0.407444
0.518135
0.496153
0.556909
0.444665
0.401448
0.517044
0.503373
0.555053
0.440274
0.410275
0.528762
0.500542
0.559418
0.436908
0.410816
0.533144
0.507733
0.560922
0.453593
0.418935
0.52923
0.508031
0.551433
0.449063
0.400511
0.520993
0.495306
0.551428
0.438523
0.402704
0.523273
0.49428
0.557738
0.446917
0.403982
0.511863
0.497842
0.563471
0.447225
0.406552
0.523741
0.492294
0.559709
0.439465
0.407445
0.520377
0.500835
0.560271
0.451833
0.4078
0.526219
0.501582
0.56437
0.443151
0.406861
0.527879
0.494216
0.560453
0.437975
0.406926
0.526318
0.502871
0.559504
0.442408
0.40729
0.520431
0.499119
0.559812
0.445666
0.400464
0.523671
0.494077
0.558593
0.437481
0.404368
0.521533
0.493801
0.566501
0.448097
0.408666
0.52702
0.495652
0.554683
0.490581
0.410809
0.522789
0.50152
0.554518
0.439856
0.400987
0.529918
0.503495
0.563729
0.442495
0.407217
0.526658
0.499434
0.555808
0.445082
0.410037
0.527899
0.508775
0.55768
0.442691
0.40794
0.529873
0.497162
0.57138
0.449205
0.404507
0.52203
0.50127
0.563177
0.446501
0.404192
0.525154
0.500906
0.550259
0.439401
0.399787
0.519907
0.496502
0.561671
0.442497
0.402003
0.521375
0.494659
0.556392
