0.193611
0.188651
0.206362
0.234701
0.201427
0.220373
0.244986
0.240406
0.248579
0.217129
0.24078
0.339653
0.395215
0.436799
0.34034
0.270281
0.242212
0.378979
0.328982
0.217784
0.229533
0.467904
0.215302
0.236239
0.356021
0.243799
0.222097
0.227315
0.260137
0.238934
0.25051
0.237498
0.221911
0.228214
0.234047
0.239265
0.267883
0.301943
0.345101
0.228211
0.227373
0.234664
0.259078
0.220827
0.229286
0.220098
0.229158
0.298393
0.273171
0.288908
0.216591
0.240424
0.235855
0.284072
0.386197
0.234193
0.234611
0.236209
0.305258
0.307324
0.290169
0.218493
0.252146
0.385509
0.357353
0.347609
0.298867
0.36888
0.219713
0.227816
0.405716
0.294665
0.366804
0.297103
0.320135
0.248949
0.268929
0.274723
0.351809
0.236165
0.261258
0.225762
0.227923
0.215783
0.259038
0.186845
0.227361
0.169522
0.163042
0.196344
