0.0847687
0.0863283
0.129246
0.133591
0.0884063
0.0886979
0.125141
0.0961044
0.0997969
0.148944
0.130678
0.112693
0.108331
0.0961148
0.111825
0.127627
0.112523
0.110703
0.100961
0.0879771
0.0907511
0.0894467
0.0881383
0.0964788
0.0868274
0.0865525
0.0846377
0.0966411
0.133103
0.0851153
0.132805
0.128435
0.119645
0.118294
0.117275
0.124348
0.115546
0.133571
0.131035
0.125634
0.1253
0.114907
0.116084
0.122148
0.113647
0.131734
0.11746
0.116632
0.125229
0.141988
0.125069
0.144572
0.123434
0.12332
0.115143
0.11364
0.116471
0.122624
0.113754
0.125761
0.152348
0.121599
0.120461
0.117936
0.117822
0.120455
0.125198
0.120925
0.119661
0.133756
0.151601
0.127768
0.120645
0.144653
0.12884
0.116509
0.113989
0.11838
0.115155
0.129512
0.121378
0.114996
0.127293
0.115889
0.115813
0.119413
0.131035
0.115653
0.130124
0.116682
0.17088
0.199241
0.12929
0.125785
0.141148
0.120454
0.119133
0.12351
0.118537
0.133898
0.132068
0.127036
0.117748
0.120123
0.118393
0.125827
0.124304
0.118722
0.127306
0.139738
0.145195
0.140479
0.117875
0.128004
0.118727
0.118753
0.119154
0.1291
0.121676
0.117479
0.121489
0.152892
0.120575
0.119641
0.122728
0.117072
0.124355
0.128908
0.120072
0.121301
0.118646
0.122275
0.121583
0.126661
0.119786
0.121178
0.118147
0.119936
0.119031
0.120745
0.123535
0.118066
0.119329
0.119171
0.120229
0.121231
0.118568
0.121078
0.119161
0.123407
0.120119
0.229846
0.187634
0.133035
0.160621
0.126094
0.123442
0.13929
0.179671
0.125255
0.11853
0.118527
0.118666
0.117372
0.118499
0.119467
0.134229
0.135488
0.119364
0.119817
0.117123
0.119327
0.118603
0.125327
0.119058
0.122469
0.119519
0.117331
0.118592
0.118246
0.117855
0.146577
0.121995
0.119612
0.118747
0.119129
0.11693
0.118043
0.119366
0.118704
0.117105
0.122104
0.121408
0.122983
0.115879
0.122265
0.122203
0.118259
0.117651
0.123321
0.125171
0.12055
0.124282
0.118514
0.120537
0.117794
0.118784
0.138085
0.147074
0.14269
0.141155
0.124717
0.155331
0.12513
0.119928
0.125358
0.117839
0.118081
0.117462
0.121219
0.117372
0.122337
0.149867
0.14036
0.145388
0.117357
0.115881
0.120183
0.118152
0.121958
0.121818
0.120076
0.117201
0.121622
0.118137
0.120843
0.121789
0.127115
0.138051
0.117199
0.116482
0.13103
0.150896
0.120992
0.123639
0.120157
0.117974
0.144302
0.144752
0.161167
0.117757
0.121962
0.119164
0.115603
0.118971
0.115768
0.130406
0.115675
0.116411
0.117462
0.116307
0.11953
0.116504
0.125959
0.117343
0.119571
0.118526
0.116827
0.12013
0.11981
0.127976
0.120263
0.144938
0.124125
0.116386
0.12015
0.118786
0.127926
0.121825
0.117672
0.125999
0.119632
0.117916
0.119605
0.126464
0.122026
0.116564
0.118802
0.123213
0.118924
0.121044
0.128054
0.146127
0.129136
0.11908
0.12291
0.120561
0.117045
0.130139
0.117237
0.119836
0.120795
0.116763
0.153034
0.125316
0.130281
0.12242
0.120374
0.122695
0.121301
0.119632
0.121372
0.12883
0.119565
0.121116
0.126545
0.120194
0.119789
0.117301
0.131432
0.117908
0.123367
0.121765
0.117848
0.125737
0.119941
0.127529
0.122033
0.120659
0.121123
0.119753
0.118583
0.123237
0.161293
0.122397
0.120991
0.124391
0.123783
0.119572
0.182236
0.135463
0.146908
0.177796
0.145696
0.162593
0.164613
0.223535
0.193012
0.178399
0.206532
0.210055
0.198001
0.200479
0.226222
0.184008
0.289108
0.215538
0.274285
0.23164
0.151834
0.146396
0.141376
0.161466
0.175251
0.159114
0.114403
0.124302
0.135584
0.119357
0.118007
0.116847
0.125272
0.120514
0.134511
0.198568
0.119758
0.171366
0.160832
0.119524
0.11656
0.125394
0.171829
0.13615
0.207519
0.131668
0.193833
0.158149
0.137829
0.12251
0.123476
0.183267
0.136853
0.130556
0.251055
0.144606
0.20356
0.148908
0.113408
0.113621
0.121274
0.117409
0.171746
0.11855
0.123391
0.115867
0.127673
0.139727
0.128364
0.129789
0.123902
0.155819
0.117874
0.127382
0.177475
0.153335
0.171827
0.120247
0.15036
0.164917
0.187053
0.172397
0.136948
0.11734
0.122909
0.117782
0.198181
0.17826
0.162794
0.0987195
0.0763813
0.0644255
0.0750375
0.0860848
0.0616086
0.0607851
0.0744455
0.096261
0.117692
0.0734183
0.0853007
0.0724464
0.104182
0.0728358
0.0736021
0.0761637
0.0806827
0.0816314
0.0701902
0.0689225
0.0628855
