0.219724
0.149472
0.134356
0.141404
0.258976
0.268021
0.161292
0.202647
0.146696
0.15343
0.174422
0.20263
0.229015
0.288571
0.423024
0.291535
0.28227
0.206743
0.292344
0.283001
0.251658
0.23478
0.284446
0.309863
0.274319
0.227753
0.355445
0.305593
0.309691
0.266944
0.344734
0.314735
0.235622
0.208877
0.220872
0.214103
0.287043
0.218644
0.211855
0.30211
0.301455
0.305963
0.326972
0.306241
0.286861
0.379822
0.20117
0.20131
0.198663
0.207298
0.200853
0.207916
0.24218
0.224001
0.232057
0.187606
0.206404
0.20765
0.217741
0.194951
0.298975
0.231896
0.234336
0.246722
0.210991
0.203676
0.19396
0.20149
0.204545
0.235688
0.242911
0.261616
0.214127
0.219471
0.297237
0.432463
0.206657
0.19956
0.220543
0.202044
0.246264
0.23301
0.231785
0.239174
0.230083
0.213998
0.212685
0.229662
0.256734
0.209341
0.276057
0.227304
0.207834
0.198743
0.209577
0.21141
0.246481
0.238257
0.217865
0.218126
0.234124
0.248825
0.228993
0.278731
0.301783
0.306223
0.374952
0.303835
0.279658
0.303831
0.274699
0.303545
0.30896
0.304473
0.260127
0.274482
0.306263
0.334024
0.293685
0.280972
0.280749
0.378589
0.26217
0.256354
0.273074
0.272862
0.240061
0.301835
0.312012
0.223226
0.286784
0.278855
0.26197
0.296965
0.305349
0.333762
0.426737
0.286872
0.405062
0.821113
0.250265
0.255352
0.245791
0.238801
0.236531
0.23249
0.271802
0.233951
0.258902
0.229145
0.247233
0.36998
0.24807
0.272263
0.281033
0.278414
0.266564
0.292611
0.307788
0.259571
0.24882
0.286259
0.295907
0.241543
0.234217
0.240598
0.317215
0.246096
0.247959
0.246958
0.240929
0.236716
0.247963
0.241196
0.249219
0.258372
0.242678
0.238031
0.277063
0.275034
0.247034
0.364811
0.306214
0.266645
0.273024
0.274702
0.275097
0.302133
0.254615
0.268882
0.252348
0.255383
0.250913
0.26046
0.252972
0.244321
0.246846
0.332957
0.249158
0.249839
0.250447
0.253652
0.244612
0.302591
0.250998
0.278845
0.272377
0.283389
0.267943
0.25393
0.268764
0.286073
0.303455
0.208884
0.200678
0.195572
0.197602
0.198747
0.200161
0.196975
0.196063
0.199222
0.202464
0.208747
0.205675
