0.403151
0.398941
0.527769
0.325445
0.407296
0.404481
0.418676
0.534742
0.35899
0.421659
0.42241
0.421901
0.556876
0.36527
0.440979
0.448217
0.445297
0.568894
0.384226
0.454809
0.469908
0.481667
0.593486
0.411985
0.483739
0.499177
0.494202
0.511611
0.63484
0.437829
0.507217
0.508617
0.534336
0.654411
0.463898
0.537878
0.533459
0.569314
0.685001
0.492336
0.560422
0.555919
0.57145
0.707136
0.50198
0.577086
0.572013
0.604703
0.728965
0.527351
0.6243
0.611109
0.614216
0.752356
0.554687
0.625285
0.62228
0.634737
0.777582
0.576432
0.646731
0.647031
0.669012
0.796628
0.601876
0.665925
0.66788
0.696016
0.821861
0.624286
0.697088
0.697486
0.702956
0.88415
0.653799
0.714028
0.712587
0.735311
0.861327
0.670194
0.736701
0.73479
0.766805
0.884078
0.690669
0.766961
0.761132
0.777742
0.914988
0.711519
0.783853
0.781745
0.810283
0.929585
0.731589
0.804189
0.808511
0.836945
0.955002
0.761775
0.833673
0.873803
0.844763
0.986411
0.783743
0.859904
0.89196
0.869623
1.0245
0.841662
1.20738
1.17485
0.915177
1.03459
0.840056
0.909566
0.897082
0.923093
1.05358
0.86218
0.930594
0.935185
0.938835
1.07859
0.887453
0.947402
0.951707
0.976505
1.1104
0.919567
0.988102
0.97335
0.983083
1.12855
0.928178
1.0045
0.992819
1.00326
1.1493
0.950298
1.02471
1.0203
1.04657
1.16221
0.973485
1.05041
1.0463
1.05868
1.19707
1.0052
1.06468
1.07156
1.07725
1.23082
1.0255
1.08647
1.0831
1.12225
1.23967
1.03637
1.11342
1.11051
1.12026
1.26454
1.06141
1.13359
1.12844
1.14941
1.28689
1.08464
1.15809
1.15875
1.1839
1.32709
1.10723
1.19435
1.18151
1.19351
1.32689
1.1332
1.23301
1.22534
1.21907
1.36784
1.15625
1.22549
1.22055
1.24723
1.39063
1.18152
1.24267
1.23639
1.25996
1.40004
1.20121
1.27255
1.28241
1.28231
1.41828
1.22583
1.29984
1.28904
1.31289
1.44797
1.24605
1.3147
1.30858
1.35865
1.44825
1.2725
1.32583
