0.314445
0.223844
0.392561
0.215175
0.23504
0.231946
0.254395
0.255613
0.237868
0.238794
0.236583
0.259958
0.327541
0.250629
0.244962
0.24763
0.25131
0.246185
0.331703
0.251151
0.25215
0.254411
0.25814
0.257462
0.353586
0.298536
0.274804
0.258372
0.258347
0.258166
0.363195
0.295383
0.296611
0.266153
0.270538
0.343382
0.34963
0.27528
0.281738
0.27269
0.274316
0.432573
0.548752
0.369215
0.424978
0.375092
0.352796
0.29761
0.505776
0.374074
0.314511
0.367517
0.332344
0.290324
0.365938
0.28776
0.286683
0.345628
0.290373
0.285735
0.365332
0.309353
0.302759
0.309405
0.29508
0.318434
0.414093
0.346715
0.374125
0.32556
0.29598
0.293004
0.328531
0.310209
0.306666
0.307149
0.29872
0.303277
0.330042
0.312167
0.302866
0.30623
0.36991
0.363831
0.412648
0.289924
0.267901
0.263032
0.264642
0.268874
