1.16841
1.03326
1.11728
1.0252
1.12507
1.01353
1.12315
0.995748
1.12866
1.00592
0.971545
1.0259
1.09408
1.01195
1.11232
1.03826
1.12436
1.01112
1.09646
1.01682
1.12536
1.01353
1.11586
1.01841
1.11317
1.02721
1.12034
1.01778
1.10729
1.02182
1.09758
1.02017
1.10433
1.0186
1.12975
1.01875
1.09938
0.997788
1.11517
1.01802
1.12201
1.01626
1.09434
1.04791
1.12029
1.0132
1.10698
1.00467
1.10143
1.01123
1.0833
1.01282
1.1292
1.02506
1.10372
1.02081
1.09126
1.02516
1.12197
1.01435
1.08847
1.00705
1.09074
1.01544
1.11172
1.01568
1.10638
1.03054
1.09254
1.01477
1.11678
1.02134
1.11806
1.02656
1.0986
1.01443
1.12497
1.01399
1.11218
1.0098
1.09188
1.01899
1.10693
1.01388
