0.183748
0.132372
0.140777
0.262175
0.371735
0.232949
0.236383
0.225417
0.186923
0.143226
0.153033
0.197592
0.178747
0.150431
0.151171
0.147241
0.150106
0.152967
0.199956
0.163606
0.15841
0.155288
0.157347
0.157254
0.190335
0.160903
0.161989
0.161298
0.163145
0.163134
0.193544
0.165411
0.173739
0.170402
0.168727
0.16972
0.201308
0.178178
0.191491
0.175047
0.17668
0.182361
0.209126
0.187029
0.182962
0.185627
0.183644
0.187405
0.221204
0.186357
0.18667
0.189711
0.192438
0.191528
0.22394
0.194333
0.195552
0.219098
0.198093
0.201991
0.227662
0.229074
0.300041
0.30699
0.325487
0.217881
0.255685
0.209471
0.220418
0.225089
0.215028
0.212448
0.256854
0.220653
0.264478
0.220961
0.247725
0.218784
0.291838
0.224903
0.222664
0.237934
0.225636
0.226918
0.231949
0.238757
0.248358
0.235352
0.235251
0.273999
