0.116826
0.110227
0.111231
0.151429
0.145578
0.138413
0.147957
0.13431
0.131198
0.129596
0.141633
0.161182
0.219857
0.148226
0.117791
0.228401
0.302513
0.387827
0.240241
0.296611
0.208598
0.179832
0.220648
0.246736
0.221859
0.214167
0.15342
0.155029
0.146156
0.140921
0.170669
0.153584
0.142093
0.141604
0.158158
0.289988
0.14673
0.164823
0.162522
0.16605
0.227298
0.204571
0.143821
0.143953
0.145181
0.186392
0.146084
0.146432
0.155417
0.150078
0.145279
0.239167
0.211445
0.165134
0.147618
0.235942
0.180746
0.232875
0.199487
0.157948
0.176099
0.303207
0.195215
0.194787
0.155254
0.414127
0.146756
0.151813
0.161527
0.226393
0.172262
0.142152
0.15126
0.145151
0.169164
0.206929
0.152468
0.151378
0.147577
0.141478
0.1427
0.142373
0.143958
0.152487
0.145014
0.144717
0.143627
0.144295
0.142059
0.154836
0.186159
0.154145
0.155762
0.151659
0.2132
0.14994
0.145589
0.146436
0.175906
0.176161
0.165985
0.143415
0.145066
0.143061
0.141825
0.156286
0.179841
0.145834
0.15394
0.154485
0.156767
0.164321
0.15864
0.152141
0.148144
0.156143
0.164564
0.153844
0.151057
0.148592
0.14583
0.193464
0.164457
0.155527
0.148637
0.164608
0.145137
0.146968
0.145268
0.145945
0.150197
0.144924
0.17701
0.239566
0.14877
0.146228
0.174871
0.151833
0.145395
0.143671
0.146074
0.180256
0.160889
0.173413
0.144671
0.147076
0.14565
0.148639
0.156258
0.174946
0.15108
0.185409
0.17569
0.184186
0.193904
0.164646
0.185365
0.15723
0.166855
0.212864
0.150598
0.14839
0.162552
0.150435
0.164901
0.148435
0.281352
0.218135
0.217064
0.175948
0.182916
0.179898
0.162258
0.149161
0.145076
0.147117
0.146974
0.147813
0.157244
0.14798
0.146558
0.171945
0.150307
0.146193
0.149153
0.147139
0.149809
0.147665
0.148558
0.152774
0.149069
0.148593
0.151718
0.15004
0.154212
0.155341
0.150206
0.182004
0.151339
0.150173
0.151423
0.150616
0.1496
0.149696
0.150646
0.152251
0.158715
0.15041
0.148734
0.149914
0.149
0.149836
0.154955
0.123281
0.0922113
0.0897828
0.0899503
0.0885976
0.0892457
0.0905313
0.089797
0.0982146
0.0908249
0.0883289
0.0894565
