0.211245
0.209234
0.22536
0.236643
0.359739
0.34061
0.345057
0.328104
0.400422
0.22648
0.214406
0.221683
0.221464
0.221574
0.350679
0.338701
0.331253
0.335494
0.406509
0.236883
0.21904
0.225072
0.22679
0.219406
0.346925
0.331852
0.340673
0.337785
0.39445
0.236199
0.217599
0.23088
0.22932
0.227761
0.347036
0.340059
0.330395
0.337788
0.390849
0.227005
0.220745
0.225168
0.219071
0.219709
0.346343
0.336571
0.336355
0.336153
0.390464
0.237683
0.220689
0.219141
0.211802
0.20757
0.23125
0.222247
0.367748
0.337471
0.341014
0.337993
0.394979
0.227641
0.25893
0.221387
0.227076
0.219171
0.365087
0.338194
0.335679
0.335154
0.405507
0.235932
0.259023
0.21766
0.229587
0.220111
0.364553
0.335657
0.336378
0.341096
0.39271
0.238733
0.260322
0.230762
0.232022
0.222419
0.400889
0.337649
0.339856
0.340705
0.395703
0.22787
0.256767
0.226752
0.22641
0.220237
0.363445
0.334961
0.33194
0.334452
0.407807
0.237229
0.263195
0.22002
0.224753
0.217452
0.360018
0.335037
0.33281
0.340474
0.392446
0.231293
0.262018
0.249032
0.232719
0.225285
0.381625
0.340694
0.340175
0.338491
0.39561
0.228197
0.254195
0.219168
0.219633
0.221539
0.359571
0.333355
0.336524
0.334022
0.402414
0.222351
0.246416
0.219532
0.223034
0.215452
0.360697
0.336098
0.335724
0.343337
0.395749
0.237612
0.257245
0.230492
0.228809
0.222678
0.364233
0.333691
0.33915
0.339229
0.39264
0.227595
0.255497
0.218876
0.22634
0.219571
0.367102
0.334881
0.333958
0.333673
0.392826
0.220148
0.247641
0.218856
0.223384
0.216695
0.364814
0.337633
0.336172
0.341188
0.393977
0.231386
0.25825
0.23008
0.231283
0.225276
0.362111
0.330277
0.34085
0.344
0.394588
0.228927
0.25939
0.220597
0.225731
0.221446
0.362996
0.334503
0.343278
0.335515
0.392427
0.224146
0.249732
0.214296
0.221578
0.220485
0.363334
0.336179
0.334975
0.346982
0.40421
0.238098
0.258534
0.220546
0.233789
0.222518
0.363543
0.330828
0.339409
0.345381
0.389751
0.230851
0.254507
0.220879
0.218299
0.213174
0.366776
0.335935
0.334259
0.333466
0.395899
0.225027
0.252651
0.222555
0.225135
0.218591
0.363988
0.336335
0.334167
0.336812
0.401024
0.23674
0.262565
0.222586
0.232523
0.222047
0.362913
0.332387
0.340357
0.338064
0.393697
0.232839
0.257495
0.209427
0.226934
0.224062
0.365597
0.338217
0.336299
0.339503
0.398997
0.22771
0.259553
0.224524
0.220485
0.218038
0.360703
0.330652
0.337072
0.335877
0.401745
0.239571
0.27285
0.221195
0.229867
0.225225
0.363965
0.334501
0.341988
0.339867
0.391569
0.229902
0.262225
0.209556
0.225528
0.221868
0.363685
0.338357
0.336253
0.336652
0.40032
0.23037
0.281666
0.227102
0.225869
0.234243
0.365948
0.337318
0.336531
0.334896
0.431084
0.237518
0.263924
0.223937
0.232998
0.224114
0.36601
0.340144
0.341254
0.341437
0.39826
0.232003
0.258753
0.208205
0.231959
0.222093
0.36312
0.337927
0.334893
0.336933
0.399261
0.228424
0.253915
0.225656
0.222867
0.222125
0.364928
0.338417
0.334657
0.33654
0.40428
0.239002
0.264141
0.225279
0.230826
0.222963
0.366097
0.338834
0.335626
0.341566
0.392934
0.239045
0.263051
0.231153
0.233094
0.223369
0.363117
0.343835
0.337608
0.338924
0.391755
0.229327
0.252309
0.22427
0.227505
0.22133
0.363486
0.336645
0.341279
0.337236
0.408966
0.233298
0.263221
0.226417
0.228564
0.222031
0.364835
0.335507
0.336488
0.343485
0.399375
0.237334
0.262372
0.22941
0.231827
0.221155
0.361745
0.337117
0.33855
0.338427
0.392015
0.229753
0.253236
0.225117
0.226262
0.224171
0.364255
0.335421
0.335552
0.336093
0.404858
0.232228
0.262766
0.221548
0.227775
0.220141
0.365031
0.337378
0.337755
0.338957
0.394999
0.23581
0.26467
0.231396
0.230061
0.222007
0.365682
0.343179
0.343908
0.343758
0.397336
0.231273
0.254364
0.221884
0.250356
0.222319
0.362227
0.334639
0.336917
0.334718
0.404707
0.22516
0.249645
0.224431
0.226892
0.219022
0.365974
0.336617
0.333232
0.337551
0.395071
0.220132
