0.0747481
0.0558238
0.0571506
0.0585214
0.0608425
0.0693811
0.0582629
0.0584988
0.0597678
0.069849
0.0642931
0.0672292
0.0638468
0.0687413
0.0666753
0.115102
0.0639954
0.0640384
0.0771963
0.0669952
0.0674894
0.0669407
0.0665219
0.066019
0.0653626
0.0691057
0.0690801
0.0659536
0.0674492
0.0679348
0.0959591
0.0707591
0.0796919
0.0699216
0.0732489
0.0708169
0.0712029
0.0722091
0.0729756
0.0742194
0.0730447
0.0730473
0.073743
0.0758101
0.0753079
0.103745
0.0763549
0.0762055
0.0766595
0.0762313
0.0773388
0.0786549
0.0782006
0.0785259
0.0797768
0.0804689
0.0807781
0.0808977
0.0815199
0.0838272
0.111101
0.0940172
0.0857831
0.0859679
0.0858425
0.0878986
0.0872723
0.0867137
0.0889736
0.0886611
0.087301
0.0872811
0.0872145
0.0894519
0.0912032
0.119715
0.0985018
0.0921203
0.0929448
0.0942275
0.0935444
0.0926105
0.0953415
0.0939113
0.0978946
0.096336
0.0970767
0.0975215
0.0965212
0.0959221
0.118512
0.105889
0.0966438
0.0992122
0.0984815
0.0993208
0.100573
0.10012
0.100177
0.100763
0.100409
0.101518
0.102466
0.103061
0.102116
0.103286
0.132929
0.105329
0.104621
0.104986
0.106234
0.106931
0.107437
0.145196
0.116778
0.141278
0.116506
0.113984
0.116941
0.110696
0.115176
0.143679
0.138431
0.128291
0.160372
0.117763
0.154769
0.114937
0.122449
0.126978
0.137949
0.117677
0.119318
0.122344
0.154393
0.120532
0.184935
0.125699
0.18022
0.138485
0.124327
0.122763
0.142062
0.22147
0.250528
0.234332
0.228234
0.18712
0.223405
0.191437
0.158043
0.250522
0.175517
0.233502
0.140756
0.128821
0.172025
0.132
0.151192
0.151924
0.132914
0.132023
0.131508
0.136057
0.149676
0.147088
0.161698
0.13598
0.132296
0.133506
0.135296
0.154511
0.145722
0.134761
0.134692
0.136373
0.138202
0.139523
0.141503
0.149502
0.139697
0.170873
0.154684
0.145938
0.142335
0.18281
0.146359
0.163819
0.147511
0.172665
0.144766
0.14427
0.171228
0.145524
0.14502
0.14619
0.146154
0.176245
0.148357
0.148735
0.163379
0.159802
0.148461
0.14896
0.16306
0.151736
0.152263
0.159997
0.163377
0.155052
0.153426
0.15398
0.155073
0.189491
0.174881
0.170412
0.166899
0.161559
0.160122
0.15937
0.160779
0.158338
0.166786
0.195987
0.176709
