0.338088
0.0949288
0.0968445
0.114836
0.116019
0.102993
0.0951787
0.119168
0.0895607
0.19855
0.120246
0.112855
0.133767
0.113303
0.116885
0.101817
0.107142
0.12079
0.131671
0.129851
0.111301
0.12602
0.158593
0.122931
0.116703
0.119904
0.116551
0.114487
0.103464
0.100188
0.125931
0.138586
0.200663
0.195467
0.210081
0.179187
0.15416
0.251379
0.220222
0.253463
0.193694
0.142633
0.250028
0.39465
0.169286
0.176826
0.135902
0.167288
0.205237
0.154893
0.12856
0.126441
0.127556
0.131356
0.135755
0.157113
0.146478
0.177822
0.159934
0.189197
0.291884
0.233685
0.143284
0.210032
0.134957
0.146622
0.135782
0.162158
0.137638
0.138924
0.183611
0.145582
0.135666
0.146564
0.181908
0.168837
0.147659
0.157534
0.168275
0.200385
0.194469
0.202813
0.150258
0.139054
0.251522
0.235864
0.158385
0.143442
0.141154
0.138413
0.210198
0.139042
0.272248
0.193706
0.152789
0.15971
0.21814
0.248745
0.207798
0.16218
0.15591
0.226316
0.308786
0.348616
0.270328
0.340013
0.265285
0.233954
0.172853
0.14546
0.139277
0.142868
0.141095
0.14026
0.176994
0.167449
0.144854
0.143292
0.140997
0.140534
0.150403
0.228063
0.145195
0.185608
0.171449
0.16233
0.145605
0.156473
0.143535
0.145394
0.143479
0.143174
0.145304
0.156077
0.153023
0.156972
0.170118
0.161384
0.169995
0.165502
0.167587
0.17428
0.167609
0.178489
0.219905
0.277803
0.167717
0.160173
0.147411
0.147409
0.147814
0.22507
0.179256
0.251252
0.216978
0.181181
0.148068
0.154817
0.149099
0.148761
0.150215
0.156025
0.180718
0.169499
0.165122
0.150289
0.152119
0.152887
0.158131
0.159947
0.154288
0.155503
0.153012
0.155742
0.155993
0.156996
0.152081
0.15613
0.156524
0.15609
0.155041
0.232431
0.16032
0.160321
0.16277
0.171382
0.155793
0.156707
0.156255
0.157152
0.157177
0.15713
0.156107
0.163897
0.15442
0.157571
0.157562
0.157152
0.157135
0.159585
0.158153
0.15875
0.159237
0.158767
0.159191
0.160336
0.158227
0.157368
0.158493
0.158892
0.158298
0.160538
0.237643
0.160686
0.15886
0.160591
0.161095
0.160965
0.160336
0.160372
0.160928
0.161203
0.161196
0.165145
0.160805
0.161501
0.16225
0.172896
0.164047
0.16431
0.164267
0.164815
0.165166
0.16328
0.165666
0.16427
0.164424
0.16504
0.164451
0.164992
0.165043
0.164755
0.2434
0.171367
0.168297
0.167051
0.178246
0.168149
0.170565
0.169067
0.169561
0.174429
0.169053
0.170623
0.174807
0.171271
0.17277
0.177554
0.169877
0.170569
0.172512
0.171339
0.172968
0.171403
0.171636
0.172793
0.171151
0.173108
0.172046
0.180913
0.174678
0.178146
0.256964
0.185363
0.180993
0.181953
0.180426
0.178597
0.181718
0.176233
0.177576
0.179231
0.178801
0.178418
0.182356
0.178274
0.176794
0.178039
0.178681
0.179421
0.17945
0.178751
0.180603
0.180584
0.181811
0.180519
0.181283
0.182475
0.179252
0.180871
0.182826
0.18301
0.183503
0.271599
0.187055
0.18951
0.186752
0.184578
0.260131
0.214655
0.200619
0.316118
0.220243
0.2176
0.242878
0.306519
0.283408
0.30597
0.293083
0.315901
0.337651
0.239352
0.276934
0.280985
0.24935
0.252894
0.274932
0.334137
0.36805
0.425457
0.310247
0.327414
0.239018
0.307109
0.237516
0.248153
0.318377
0.23075
0.235448
0.241606
0.233383
0.284012
0.301137
0.214335
0.265471
0.233599
0.237521
0.231718
0.235442
0.232975
0.230852
0.288826
0.301353
0.294937
0.338322
0.364892
0.33776
0.295653
0.281772
0.302509
0.354089
0.337361
0.336977
0.365375
0.254461
0.245951
0.258931
0.281546
0.455055
0.353153
0.342375
0.356887
0.265937
0.382807
0.32206
0.251796
0.251985
0.387291
0.266822
0.279853
0.284322
0.255593
0.249402
0.292706
0.275064
0.254935
0.242156
0.308689
0.312646
0.261024
0.256723
0.25857
0.251097
0.257504
0.337358
0.25885
0.251716
0.262598
0.291024
0.35698
0.287513
0.286554
0.271372
0.249963
0.24476
0.256073
0.296983
0.270805
0.273334
0.281009
0.245884
0.247624
0.243108
0.259902
0.255726
0.259558
0.251028
0.304792
0.284554
0.252347
0.327856
0.314856
0.269736
0.261019
0.261468
0.216424
0.194588
0.193169
0.197684
0.197171
0.183735
0.193709
0.232544
0.212748
0.200434
0.225168
0.178957
0.204012
0.18407
0.185492
0.180168
0.187877
0.190793
0.196182
0.200845
0.228033
0.189033
0.257845
0.188385
0.187728
