0.0782046
0.0483399
0.0371871
0.0437311
0.0401696
0.0472657
0.0412957
0.053094
0.0454599
0.0361466
0.0352161
0.0348086
0.0378572
0.0365644
0.040888
0.0636062
0.0647591
0.0744582
0.0663896
0.0708306
0.0758578
0.100627
0.104388
0.0718064
0.0492546
0.0688822
0.101735
0.0597087
0.0504151
0.0754869
0.154502
0.0761805
0.0633881
0.0634086
0.0573792
0.0561691
0.0524395
0.0572111
0.0419754
0.0470986
0.0499287
0.0446996
0.0553039
0.0738933
0.054872
0.0452812
0.0421712
0.0455718
0.0446515
0.0536245
0.0515119
0.0805301
0.100365
0.0901166
0.0831549
0.047495
0.0445497
0.0471777
0.0468824
0.0544972
0.0889567
0.104181
0.0707383
0.0582036
0.0820748
0.102299
0.0766594
0.0881372
0.0803597
0.0944146
0.115984
0.0960638
0.112389
0.124642
0.0966655
0.0982765
0.0808099
0.0684495
0.0708479
0.0816515
0.0848669
0.074438
0.0730685
0.0904904
0.0947444
0.0974204
0.103521
0.0601872
0.0577749
0.0633565
0.15798
0.141932
0.121842
0.133139
0.0925761
0.123329
0.112015
0.0803544
0.0839894
0.121123
0.0986764
0.100826
0.118078
0.0631528
0.0828996
0.0956289
0.0878755
0.0706177
0.0925015
0.0953684
0.124478
0.089803
0.122676
0.0614082
0.0595918
0.0599133
0.133572
0.117445
0.0653897
0.0736162
0.0833492
0.141926
0.0668501
0.082837
0.0962859
0.0879426
0.0750736
0.0912675
0.100863
0.107743
0.110829
0.129321
0.146807
0.141473
0.104102
0.132874
0.0988379
0.0663581
0.111183
0.076569
0.0696403
0.0718485
0.0657199
0.0646318
0.0644562
0.0646961
0.0642007
0.0647914
0.0660664
0.0657533
0.0700132
0.0924243
0.0714359
0.0706234
0.0865411
0.0722339
0.0714482
0.103906
0.071131
0.0683265
0.120609
0.151986
0.0846671
0.147577
0.0720044
0.0737055
0.0694935
0.0694989
0.0702914
0.0713693
0.0706496
0.0702696
0.0718822
0.0709308
0.0735872
0.0715242
0.0732223
0.0737989
0.0735825
0.0747868
0.0728492
0.112798
0.097374
0.0836875
0.0892844
0.0808443
0.0765472
0.075328
0.0969501
0.0790536
0.0856704
0.0766928
0.0761651
0.0758112
0.081406
0.0770195
0.0776069
0.0805253
0.0852604
0.0805397
0.0801112
0.0802993
0.0969247
0.109295
0.104867
0.0910874
0.0802133
0.0814272
0.081697
0.124019
0.10497
0.0953376
0.164337
0.116997
0.0943246
0.09502
0.0903733
0.105104
0.144548
0.16442
0.190068
0.180727
0.16478
0.1798
0.0911705
0.0867641
0.083325
0.0838032
0.0877007
0.0837534
0.0996975
0.107742
0.0845971
0.0850526
0.0851701
0.0844907
0.085843
0.0885893
0.0898498
0.0867821
0.137192
0.158908
0.129023
0.121585
0.11808
0.139332
0.0949255
0.137803
0.117907
0.129684
0.0954472
0.091883
0.102934
0.0971404
0.0899194
0.119881
0.10915
0.0908523
0.0915693
0.0909749
0.0909437
0.0925427
0.0917363
0.112827
0.0946958
0.104466
0.0955875
0.09811
0.106508
0.100258
0.0947936
0.0942322
0.116945
0.102289
0.0940516
0.0947042
0.0951461
0.107472
0.158891
0.119348
0.15753
0.127607
0.124024
0.139085
0.10747
0.118004
0.100438
0.100759
0.10218
0.0996331
0.175957
0.166377
0.163838
0.119967
0.118377
0.101605
0.101882
0.103678
0.101737
0.11899
0.105864
0.116039
0.100454
0.187363
0.131937
0.166456
0.109056
0.104678
0.105007
0.105157
0.103095
0.143907
0.1161
0.127155
0.122899
0.123165
0.106539
0.110218
0.109257
0.115837
0.11093
0.1089
0.115969
0.107354
0.151536
0.175538
0.158793
0.122839
0.136011
0.112911
0.123791
0.1263
0.108035
0.1355
0.111478
0.107542
0.118884
0.111389
0.109054
0.109501
0.109404
0.110467
0.112671
0.115952
0.116955
0.118875
0.121352
0.123518
0.115389
0.113739
0.121996
0.114767
0.114912
0.116029
0.120883
0.113437
0.117571
0.114018
0.113714
0.114738
0.114158
0.117829
0.125806
0.139416
0.124691
0.11824
0.118093
0.117819
0.119879
0.119724
0.127844
0.12504
0.11769
0.121955
0.121807
0.119134
0.121499
0.122677
0.119852
0.119533
0.120166
0.121327
0.119191
0.120004
0.120938
0.119712
0.119926
0.120613
0.120652
0.121116
0.12074
0.121662
0.121481
0.121582
0.148526
0.125058
0.124134
0.123414
0.123988
0.124502
0.124932
0.125025
0.12576
0.129327
0.129521
0.127714
0.127048
0.126009
0.158825
0.136933
0.134305
0.131395
0.137298
0.133997
0.128136
0.127328
0.127765
0.12803
0.129527
0.131119
0.131771
0.131742
0.128963
0.131697
0.131572
0.132531
0.13577
0.132567
0.133959
0.132044
0.132071
0.152951
0.131592
0.132197
0.133585
0.133073
0.132703
0.13391
0.134522
0.140372
0.137827
0.137822
0.134789
0.137092
0.136607
0.137369
0.138796
0.139038
0.138354
0.145825
