1.20877
0.904724
1.17085
0.907965
1.18148
0.931858
1.18807
0.927225
1.22913
0.980435
1.08497
1.19301
1.08407
1.1687
1.12457
1.19714
1.14539
1.21381
1.18549
1.2808
1.20201
1.26095
1.20596
1.31061
1.22041
1.30919
1.28706
1.33173
1.26355
1.35582
1.30836
1.42004
1.33415
1.39632
1.34808
1.45771
1.35485
1.45695
1.40224
1.49219
1.40442
1.51304
1.41876
1.55387
1.46244
1.5409
1.48091
1.60533
1.49777
1.59547
1.51635
1.66345
1.55534
1.63025
1.56623
1.7191
1.585
1.70413
1.6268
1.74633
1.68625
1.73116
1.65222
1.81597
1.67538
1.78485
1.72426
1.83828
1.72825
1.83552
1.74033
1.90671
1.77409
1.87666
1.80851
1.9384
1.81605
1.93196
1.83666
2.00333
1.8557
1.95999
1.92444
2.01987
