0.266481
0.207205
0.212198
0.218083
0.462182
0.181249
0.185253
0.186455
0.317603
0.185388
0.225899
0.227161
0.304672
0.233486
0.377931
0.192698
0.195634
0.20212
0.35301
0.202169
0.247491
0.24781
0.247213
0.248653
0.452177
0.22765
0.267768
0.25045
0.380045
0.23133
0.268604
0.271627
0.271219
0.273575
0.476766
0.243517
0.245413
0.24911
0.371626
0.255183
0.295544
0.295442
0.294263
0.383529
0.452891
0.270355
0.272338
0.272592
0.512159
0.280932
0.320319
0.320107
0.321393
0.322984
0.341858
0.416587
0.495141
0.295135
0.301117
0.298901
0.439762
0.305203
0.33432
0.345668
0.344537
0.439538
0.514356
0.318082
0.316148
0.319161
0.493154
0.325052
0.357395
0.367652
0.432768
0.374532
0.589227
0.334709
0.346046
0.343434
0.515508
0.347415
0.373454
0.389949
0.390736
0.387045
0.614312
0.363141
0.364006
0.367113
0.498513
0.370165
0.411512
0.424851
0.410682
0.498711
0.581717
0.38793
0.387952
0.386766
0.557398
0.393133
0.423166
0.430892
0.43442
0.430766
0.654229
0.407321
0.404966
0.41537
0.581755
0.4149
0.445879
0.452797
0.460636
0.455526
0.680161
0.43038
0.427691
0.430502
0.567008
0.437555
0.464408
0.480523
0.477849
0.571614
0.65108
0.451547
0.456193
0.454817
0.565336
0.459704
0.490285
0.497102
0.607789
0.50193
0.668553
0.470126
0.471665
0.478434
0.64703
0.483709
0.509093
0.517604
0.524473
0.52242
0.746173
0.493239
0.495847
0.506043
0.629628
0.506405
0.533265
0.545461
0.549474
0.642697
0.717623
0.521929
0.523471
0.526312
0.634675
0.530349
0.557405
0.589729
0.693012
0.570284
0.746991
0.544167
0.545021
0.553178
0.718174
0.557386
0.586112
0.595406
0.60306
0.645481
0.815423
0.563509
0.575862
0.568478
0.702036
0.575369
0.604919
0.639719
0.617223
0.696502
0.788841
0.607352
0.61433
0.600387
0.714589
0.603573
0.625444
0.637726
0.75549
0.641116
0.811025
0.614057
0.61258
0.617681
0.78107
0.617722
0.650319
0.655062
0.66151
0.660755
0.889827
0.635346
0.641693
0.638067
0.775561
0.644233
0.679726
0.685133
0.688393
0.682943
0.935432
0.662559
0.701396
0.704237
0.778239
0.665206
0.695026
0.707497
0.820793
0.715915
0.900974
0.700001
0.866517
0.733434
0.885324
0.69446
0.722725
0.730848
0.734121
0.731501
0.956141
0.709533
0.705929
0.708089
0.857044
0.71484
0.755719
0.754375
0.756407
0.757262
0.997445
0.730857
0.729882
0.739784
0.846528
0.732953
0.765503
0.772335
0.885622
0.778723
0.944895
0.748155
0.79475
0.75345
0.899412
0.76213
0.786829
0.797335
0.805621
0.807332
0.981143
0.772869
0.779651
0.777941
0.846745
0.778509
0.807605
0.821592
0.822971
0.824086
1.0638
0.813548
0.794019
0.799243
0.919479
0.809397
0.834066
0.84357
0.844006
0.952806
1.02183
0.820386
0.814422
0.820653
0.99079
0.828909
0.851639
0.870477
0.868903
0.87035
1.09672
0.845671
0.844612
0.853511
0.993557
0.85434
0.877676
0.890629
0.894961
0.896713
1.12835
0.865827
0.863538
0.867002
0.988355
0.873804
0.903948
0.907393
0.918891
1.01962
1.09127
0.886764
0.891989
0.889887
1.06521
0.906547
0.926848
0.932693
0.955249
0.939388
1.19993
0.915726
0.915995
0.915334
1.06917
0.926058
0.952235
0.953923
0.963296
1.00457
1.19007
0.941325
0.936418
0.934821
1.06549
0.960315
0.983491
0.984624
0.989453
1.08236
1.15506
0.976128
0.965756
0.965342
1.12362
0.971252
0.998206
1.0045
1.00967
1.01023
1.23331
0.986426
0.98528
0.983907
1.148
0.998349
1.02924
1.02835
1.03807
1.03962
1.25892
1.00659
1.00608
1.00988
1.13465
1.02982
1.04174
1.05118
1.06206
1.14502
1.22864
1.02575
1.02841
1.0345
1.20188
1.03457
1.06574
1.06879
1.10218
1.08392
1.30045
1.04847
1.05461
1.0589
1.22538
1.05957
1.12517
1.09794
1.1028
1.10069
1.32207
1.07198
1.07569
1.07506
1.20301
1.08374
1.11292
1.11981
1.1234
1.21692
1.29791
1.09785
1.09663
1.10364
1.20588
1.10556
1.13337
1.14649
1.24634
1.14928
1.32567
1.11629
1.11717
1.12125
1.21017
1.12704
