0
0.000397364
0.000679085
0.00486454
0.00608589
0.00636713
0.00667828
0.00681395
0.00696552
0.00937924
0.00948094
0.00957611
0.0109086
0.0110114
0.0110952
0.0111798
0.0112557
0.0119291
0.0146397
0.0148856
0.0149914
0.0150924
0.0151997
0.0153059
0.015389
0.0154661
0.0155529
0.0156292
0.0157045
0.0157804
0.015856
0.0159346
0.0160154
0.0160931
0.0161705
0.0162387
0.0163034
0.0163672
0.0164414
0.0165193
0.0165968
0.0166741
0.0167503
0.0168266
0.0169042
0.0169848
0.0170674
0.017152
0.0172299
0.0173027
0.0173752
0.017449
0.0175288
0.0176155
0.017689
0.0177666
0.0178392
0.0179455
0.0180197
0.0180951
0.0181831
0.0182724
0.018352
0.018422
0.0184894
0.0185875
0.0186631
0.0187352
0.0188065
0.0188782
0.0189502
0.0190215
0.0190929
0.019164
0.019237
0.0193074
0.0193784
0.0194509
0.0195229
0.0195909
0.0196626
0.0197386
0.0198094
0.0198796
0.0199529
0.0200264
0.0201015
0.0201767
0.0202478
0.0203227
0.0203955
0.020464
0.0205314
0.0206051
0.0206776
0.0207476
0.0208187
0.0208907
0.0209585
0.0210312
0.0211066
0.0211911
0.021281
0.0213722
0.0214601
0.0215398
0.021614
0.0216875
0.0217603
0.021831
0.0219049
0.0219819
0.0220581
0.0221411
0.0222273
0.0223092
0.0223898
0.0224675
0.0225165
0.0225913
0.0226608
0.022751
0.0228223
0.0228984
0.0229756
0.023051
0.0231266
0.0232034
0.0232805
0.0233562
0.0234349
0.0235136
0.0235914
0.0236688
0.0237449
0.0238238
0.0239125
0.0240051
0.0241396
0.0242301
0.0244101
0.0245509
0.0246628
0.024754
0.0248429
0.0249279
0.0250081
0.0250787
0.0251478
0.025219
0.0252886
0.0253601
0.0254274
0.0255022
0.0255789
0.0256608
0.0257415
0.0258184
0.025888
0.0259664
0.0260457
0.0275009
0.0276497
0.0277484
0.0278536
0.0279308
0.0280282
0.0281306
0.0282183
0.0283079
0.0284126
0.0284993
0.0285942
0.0286773
0.0287666
0.0289737
0.029081
0.0291661
0.0292433
0.0293214
0.0294041
0.0294862
0.0295573
0.029625
0.0296931
0.0297611
0.0298279
0.0298961
0.0299635
0.030032
0.0300998
0.0301667
0.0302358
0.0303035
0.0303712
0.0304388
0.0305161
0.0305886
0.0306584
0.0307312
