0
0.00128536
0.00308876
0.00473639
0.00680263
0.00859929
0.0106926
0.0118168
0.012942
0.0140759
0.0152021
0.0163301
0.017446
0.0186334
0.0198117
0.0209671
0.0220982
0.023272
0.024449
0.0256195
0.0267851
0.0278654
0.0289834
0.030089
0.0311979
0.0322791
0.0333761
0.0345223
0.0356192
0.0367046
0.037786
0.0388879
0.0399793
0.0410589
0.0421517
0.0432502
0.0443899
0.0455482
0.0466423
0.0477327
0.0488119
0.0499003
0.0510937
0.0521892
0.0532996
0.054476
0.0556522
0.0568226
0.0579701
0.0591405
0.0603105
0.0614131
0.0625216
0.0636308
0.0647166
0.0658034
0.0668862
0.06797
0.0690565
0.0701394
0.0712267
0.0723142
0.0734024
0.0744973
0.0755983
0.0766968
0.0778227
0.0789656
0.0800929
0.0813765
0.082496
0.0836506
0.0847868
0.0859792
0.0871563
0.0883363
0.0895217
0.0906309
0.091731
0.0928598
0.0939568
0.0950568
0.0961528
0.0972285
0.0983445
0.0994696
0.100561
0.101646
0.102738
0.103819
0.104898
0.105979
0.107058
0.108149
0.109251
0.110359
0.11145
0.112573
0.113665
0.114781
0.115901
0.117031
0.118116
0.119201
0.120283
0.12137
0.122461
0.123553
0.124642
0.125723
0.126843
0.127945
0.12906
0.130173
0.131285
0.13238
0.133535
0.134632
0.135723
0.136817
0.137909
0.139097
0.140183
0.141267
0.142348
0.143431
0.144531
0.145628
0.146774
0.147892
0.148977
0.150096
0.151235
0.152432
0.153625
0.154803
0.155985
0.157162
0.158337
0.159515
0.160623
0.161701
0.162837
0.163951
0.16503
0.166118
0.167206
0.168287
0.16937
0.170455
0.17154
0.17262
0.173696
0.174782
0.175872
0.176984
0.178114
0.179231
0.180344
0.181453
0.182569
0.183688
0.184803
0.185917
0.187013
0.188104
0.18919
0.19028
0.191365
0.192454
0.193522
0.194621
0.195745
0.196866
0.197979
0.19913
0.200254
0.202012
0.203126
0.204215
0.205298
0.206377
0.20746
0.208548
0.209628
0.210723
0.211808
0.212923
0.214043
0.215141
0.217114
0.218217
0.219307
0.220393
0.221476
0.222566
0.223646
0.224724
0.225816
0.226927
