0
0.00117412
0.00952124
0.0098419
0.0100217
0.0101919
0.0103613
0.0105305
0.0106999
0.0108693
0.0110387
0.0112085
0.011378
0.0115481
0.0117178
0.0118887
0.0120581
0.0122295
0.0124023
0.0125801
0.0127624
0.012947
0.0131286
0.0133074
0.0135093
0.013704
0.0139006
0.0140853
0.0142638
0.0144343
0.0146014
0.0147679
0.0149366
0.0151115
0.0152876
0.0154645
0.0156416
0.0158215
0.0160002
0.01617
0.0164461
0.0166333
0.0168087
0.016979
0.0171493
0.0173242
0.0175019
0.0176718
0.0178426
0.0180108
0.0181787
0.0183466
0.0185174
0.0186895
0.0188605
0.0190308
0.0192013
0.0193741
0.0195433
0.0197127
0.0198867
0.0200572
0.0202275
0.0204029
0.020575
0.0207439
0.0209147
0.021083
0.0212517
0.0214201
0.0215916
0.021768
0.0219423
0.0221139
0.0222857
0.022458
0.022632
0.0228029
0.0229742
0.0231454
0.0233184
0.0234908
0.0236638
0.0238336
0.0240053
0.0241643
0.0243364
0.0245068
0.0246797
0.0248611
0.0250452
0.0252284
0.0254039
0.0255738
0.0257417
0.0259107
0.026079
0.0262492
0.0264174
0.0265882
0.0267608
0.0269321
0.0271004
0.0272703
0.0274384
0.027608
0.0277814
0.0279626
0.0281427
0.0283442
0.0285331
0.0287119
0.0288924
0.0290718
0.0306707
0.0308818
0.0310579
0.0312304
0.0314023
0.0315757
0.0317504
0.031925
0.0320969
0.0322713
0.0324467
0.0326176
0.0327879
0.0329623
0.0331491
0.0333304
0.0335045
0.0336808
0.0338561
0.0340306
0.0342061
0.0343823
0.0345564
0.0347287
0.0349012
0.0350729
0.0352453
0.0354163
0.0355902
0.035761
0.0359317
0.0361155
0.0362865
0.036455
0.0366193
0.0367861
0.0369551
0.0371422
0.0373509
0.0375496
0.0377311
0.0379144
0.038093
0.0382683
0.0384461
0.0386148
0.0387967
0.0389733
0.0391384
0.0393064
0.0394741
0.0396458
0.0398215
0.0399946
0.040173
0.040354
0.0405314
0.040709
0.0408856
0.0410592
0.0412352
0.0414095
0.0415947
0.041772
0.0419478
0.0421213
0.0423036
0.0424834
0.0426584
0.0428356
0.0430123
0.0431854
0.0433565
0.0435288
0.0437012
0.0438745
0.04406
0.0442356
0.0444188
0.0446198
0.0448049
0.0449932
0.0451806
0.0453635
0.0463654
0.0465589
