0
7.555e-06
0.000122375
0.00285941
0.00298435
0.0030594
0.00312708
0.00319152
0.00325644
0.00332037
0.00338553
0.00344979
0.00351473
0.00360093
0.00517638
0.0113946
0.0115447
0.0116351
0.0117081
0.0117766
0.0118461
0.0119208
0.0119999
0.0120844
0.0121716
0.0122518
0.012333
0.0124164
0.0125163
0.012595
0.0126847
0.0127944
0.0128899
0.0129863
0.0130775
0.0131536
0.0132353
0.0133294
0.0134058
0.0134782
0.013547
0.0136163
0.0136864
0.013757
0.0138296
0.0138987
0.0139681
0.0140372
0.0141055
0.0141763
0.0142445
0.0143136
0.0143827
0.0144509
0.0145222
0.0145909
0.0146684
0.0147379
0.0148084
0.014894
0.0149649
0.0150345
0.0151036
0.0151732
0.0152427
0.0153107
0.0153801
0.0154492
0.015519
0.0155884
0.0156579
0.0157305
0.0158005
0.0158704
0.0159391
0.0160091
0.016079
0.0161587
0.0162406
0.0163116
0.0163815
0.0164512
0.016521
0.0165918
0.0166629
0.0167347
0.0168048
0.0168747
0.0169445
0.017014
0.0170841
0.0171551
0.0172254
0.017297
0.0173675
0.0174371
0.0175061
0.0175782
0.0176522
0.0177343
0.0178148
0.017885
0.0179532
0.0180228
0.0180918
0.0181611
0.0182304
0.0182985
0.0183681
0.0184411
0.0185124
0.0185905
0.0186682
0.0187382
0.0188076
0.0188912
0.0189628
0.0190328
0.0191017
0.01917
0.0192393
0.019309
0.0193795
0.0194489
0.0195185
0.0195878
0.0196566
0.019726
0.0197973
0.019866
0.0199365
0.0200062
0.0200759
0.0201445
0.0202124
0.0202831
0.0203538
0.0204243
0.0204929
0.0205614
0.0206304
0.0206991
0.020768
0.0208369
0.0209051
0.0209744
0.0210434
0.0211134
0.0211819
0.0212518
0.0213335
0.021435
0.0215079
0.021579
0.0216493
0.0217179
0.0218185
0.0218905
0.0219842
0.0220576
0.0221304
0.0222
0.0222696
0.0223382
0.0224181
0.0224889
0.0225568
0.0226338
0.0227074
0.0227793
0.0228461
0.027162
0.027373
0.0274646
0.0275444
0.0276274
0.0277021
0.0277802
0.0278502
0.0279364
0.028006
0.0280778
0.0281491
0.0282171
0.0283043
0.0283889
0.0284673
0.0285425
0.0286166
0.0286921
0.0287664
0.0288421
0.0289173
0.0289907
0.0290646
0.0291381
0.0292134
0.0292869
0.0293627
0.029439
